MEME version 4

ALPHABET= ACDEFGHIKLMNPQRSTVWY

Background letter frequencies (from uniform background):
A 0.05000 C 0.05000 D 0.05000 E 0.05000 F 0.05000 G 0.05000 H 0.05000 I 0.05000 K 0.05000 L 0.05000 M 0.05000 N 0.05000 P 0.05000 Q 0.05000 R 0.05000 S 0.05000 T 0.05000 V 0.05000 W 0.05000 Y 0.05000

MOTIF YAMDA YAMDA

letter-probability matrix: alength= 20 w= 5 nsites= 39 E= 0
9.981036031540073384e-05 9.981036031540073384e-05 9.981036031540073384e-05 9.981036031540073384e-05 9.981036031540073384e-05 9.981036031540073384e-05 9.981036031540073384e-05 9.981036031540073384e-05 9.981036031540073384e-05 9.981036031540073384e-05 9.981036031540073384e-05 9.981036031540073384e-05 9.981036031540073384e-05 9.981036031540073384e-05 9.981036031540073384e-05 9.981036031540073384e-05 9.981036031540073384e-05 9.981036031540073384e-05 9.981036031540073384e-05 9.981036031540073683e-01
7.984828825232058724e-01 9.981036031540073384e-05 1.997205309911168902e-01 9.981036031540073384e-05 9.981036031540073384e-05 9.981036031540073384e-05 9.981036031540073384e-05 9.981036031540073384e-05 9.981036031540073384e-05 9.981036031540073384e-05 9.981036031540073384e-05 9.981036031540073384e-05 9.981036031540073384e-05 9.981036031540073384e-05 9.981036031540073384e-05 9.981036031540073384e-05 9.981036031540073384e-05 9.981036031540073384e-05 9.981036031540073384e-05 9.981036031540073384e-05
1.198722427387962919e-01 9.981036031540073384e-05 9.981036031540073384e-05 9.981036031540073384e-05 9.981036031540073384e-05 9.981036031540073384e-05 9.981036031540073384e-05 9.981036031540073384e-05 9.981036031540073384e-05 9.981036031540073384e-05 8.783311707755264708e-01 9.981036031540073384e-05 9.981036031540073384e-05 9.981036031540073384e-05 9.981036031540073384e-05 9.981036031540073384e-05 9.981036031540073384e-05 9.981036031540073384e-05 9.981036031540073384e-05 9.981036031540073384e-05
9.981036031540073384e-05 9.981036031540073384e-05 9.482982333566224442e-01 9.981036031540073384e-05 9.981036031540073384e-05 9.981036031540073384e-05 9.981036031540073384e-05 9.981036031540073384e-05 9.981036031540073384e-05 9.981036031540073384e-05 9.981036031540073384e-05 4.990518015770036703e-02 9.981036031540073384e-05 9.981036031540073384e-05 9.981036031540073384e-05 9.981036031540073384e-05 9.981036031540073384e-05 9.981036031540073384e-05 9.981036031540073384e-05 9.981036031540073384e-05
7.984828825232058724e-01 9.981036031540073384e-05 9.981036031540073384e-05 9.981036031540073384e-05 9.981036031540073384e-05 9.981036031540073384e-05 9.981036031540073384e-05 9.981036031540073384e-05 9.981036031540073384e-05 9.981036031540073384e-05 9.981036031540073384e-05 9.981036031540073384e-05 9.981036031540073384e-05 1.498153508334165163e-01 2.505240043916558482e-02 2.505240043916558482e-02 9.981036031540073384e-05 9.981036031540073384e-05 9.981036031540073384e-05 9.981036031540073384e-05
